Block size:
[128, 256, 512, 1024, 2048, 4096, 8192, 16384, 32768, 65536, 131072, 262144, 524288, 1048576, 2097152]
Data rate:
[52869, 69136, 88115, 103477, 115228, 114390, 116941, 116078, 117817, 116078, 124337, 119156, 119609, 118260, 120989]
max rate: 124337, optimal_block_size: 131072

Block size:
[128, 256, 512, 1024, 2048, 4096, 8192, 16384, 32768, 65536, 131072, 262144, 524288, 1048576, 2097152]
Data rate:
[51824, 69595, 89621, 101803, 120989, 120989, 121927, 126334, 118260, 122401, 122401, 120065, 120525, 124830, 118260]
max rate: 126334, optimal_block_size: 16384

Block size:
[128, 256, 512, 1024, 2048, 4096, 8192, 16384, 32768, 65536, 131072, 262144, 524288, 1048576, 2097152]
Data rate:
[53681, 74191, 94750, 100502, 123847, 116508, 128397, 121456, 124830, 120989, 119609, 124830, 124337, 121927, 123847]
max rate: 128397, optimal_block_size: 8192

Block size:
[128, 256, 512, 1024, 2048, 4096, 8192, 16384, 32768, 65536, 131072, 262144, 524288, 1048576, 2097152]
Data rate:
[50412, 74017, 93068, 106634, 119609, 120525, 123847, 119609, 122880, 120989, 123361, 117817, 120065, 127357, 117817]
max rate: 127357, optimal_block_size: 1048576

Block size:
[128, 256, 512, 1024, 2048, 4096, 8192, 16384, 32768, 65536, 131072, 262144, 524288, 1048576, 2097152]
Data rate:
[53589, 75077, 92794, 109607, 120989, 120065, 123361, 123361, 119609, 124337, 121927, 125327, 120989, 123361, 121456]
max rate: 125327, optimal_block_size: 262144

Block size:
[128, 256, 512, 1024, 2048, 4096, 8192, 16384, 32768, 65536, 131072, 262144, 524288, 1048576, 2097152]
Data rate:
[52081, 74367, 92794, 112347, 113564, 116941, 125327, 121456, 120989, 117377, 119156, 124830, 120989, 121927, 118260]
max rate: 125327, optimal_block_size: 8192

Block size:
[128, 256, 512, 1024, 2048, 4096, 8192, 16384, 32768, 65536, 131072, 262144, 524288, 1048576, 2097152]
Data rate:
[52254, 71984, 94750, 106997, 119609, 121456, 128397, 116508, 120525, 125327, 121927, 120525, 121927, 125327, 122880]
max rate: 128397, optimal_block_size: 8192

Block size:
[128, 256, 512, 1024, 2048, 4096, 8192, 16384, 32768, 65536, 131072, 262144, 524288, 1048576, 2097152]
Data rate:
[52428, 70217, 93345, 112750, 119156, 123361, 128923, 124830, 116941, 120525, 122401, 124337, 120989, 120525, 116508]
max rate: 128923, optimal_block_size: 8192

Block size:
[128, 256, 512, 1024, 2048, 4096, 8192, 16384, 32768, 65536, 131072, 262144, 524288, 1048576, 2097152]
Data rate:
[53681, 71656, 89367, 113564, 120065, 119156, 122401, 122401, 118706, 118260, 121927, 120989, 120525, 121927, 119609]
max rate: 122401, optimal_block_size: 8192

Block size:
[128, 256, 512, 1024, 2048, 4096, 8192, 16384, 32768, 65536, 131072, 262144, 524288, 1048576, 2097152]
Data rate:
[51233, 76538, 94466, 109607, 120525, 120065, 127875, 116508, 121456, 119609, 123847, 117817, 117817, 130528, 119156]
max rate: 130528, optimal_block_size: 1048576

OPTIMAL BLOCK SIZE: 8192Block size:
[128, 256, 512, 1024, 2048, 4096, 8192, 16384, 32768, 65536, 131072, 262144, 524288, 1048576, 2097152]
Data rate:
[78840, 75077, 82565, 108848, 119609, 92521, 100182, 121456, 119156, 121456, 119156, 123361, 128397, 127357, 127357]
max rate: 128397, optimal_block_size: 524288

