Block size:
[128, 256, 512, 1024, 2048, 4096, 8192, 16384, 32768, 65536, 131072, 262144, 524288, 1048576, 2097152]
Data rate:
[5629, 4337, 5982, 5939, 6111, 5972, 5651, 14049, 6030, 5929, 6451, 14311, 6447, 6193, 6575]
max rate: 14311, optimal_block_size: 262144

Block size:
[128, 256, 512, 1024, 2048, 4096, 8192, 16384, 32768, 65536, 131072, 262144, 524288, 1048576, 2097152]
Data rate:
[6055, 5498, 5969, 16384, 14350, 6081, 6112, 3067, 13340, 6567, 6466, 17059, 6678, 6030, 6563]
max rate: 17059, optimal_block_size: 262144

Block size:
[128, 256, 512, 1024, 2048, 4096, 8192, 16384, 32768, 65536, 131072, 262144, 524288, 1048576, 2097152]
Data rate:
[5619, 5491, 5687, 5398, 5972, 5898, 5871, 6406, 5913, 5956, 6451, 6036, 6213, 6640, 6542]
max rate: 6640, optimal_block_size: 1048576

Block size:
[128, 256, 512, 1024, 2048, 4096, 8192, 16384, 32768, 65536, 131072, 262144, 524288, 1048576, 2097152]
Data rate:
[5529, 4883, 5622, 14496, 4486, 5546, 6082, 6101, 6209, 11746, 6304, 6801, 6632, 6202, 17105]
max rate: 17105, optimal_block_size: 2097152

Block size:
[128, 256, 512, 1024, 2048, 4096, 8192, 16384, 32768, 65536, 131072, 262144, 524288, 1048576, 2097152]
Data rate:
[6086, 5276, 5876, 6058, 3573, 5764, 5929, 6164, 5936, 6043, 6500, 6458, 6290, 5882, 6474]
max rate: 6500, optimal_block_size: 131072

Block size:
[128, 256, 512, 1024, 2048, 4096, 8192, 16384, 32768, 65536, 131072, 262144, 524288, 1048576, 2097152]
Data rate:
[6042, 4923, 5436, 5759, 3719, 4709, 5656, 6506, 6205, 4003, 6450, 6534, 6576, 6034, 17265]
max rate: 17265, optimal_block_size: 2097152

Block size:
[128, 256, 512, 1024, 2048, 4096, 8192, 16384, 32768, 65536, 131072, 262144, 524288, 1048576, 2097152]
Data rate:
[6122, 5481, 5784, 5760, 5339, 5840, 5555, 2984, 4862, 5758, 6747, 6970, 6623, 14005, 3928]
max rate: 14005, optimal_block_size: 1048576

Block size:
[128, 256, 512, 1024, 2048, 4096, 8192, 16384, 32768, 65536, 131072, 262144, 524288, 1048576, 2097152]
Data rate:
[5689, 5086, 5747, 5991, 5380, 6003, 5995, 13454, 3973, 6417, 6468, 6383, 6545, 6176, 6582]
max rate: 13454, optimal_block_size: 16384

Block size:
[128, 256, 512, 1024, 2048, 4096, 8192, 16384, 32768, 65536, 131072, 262144, 524288, 1048576, 2097152]
Data rate:
[5675, 5664, 5617, 5954, 6081, 3578, 6144, 5867, 6177, 6215, 5916, 14350, 4011, 6834, 6851]
max rate: 14350, optimal_block_size: 262144

Block size:
[128, 256, 512, 1024, 2048, 4096, 8192, 16384, 32768, 65536, 131072, 262144, 524288, 1048576, 2097152]
Data rate:
[5732, 5179, 5619, 5704, 5738, 3612, 6197, 3051, 4794, 6156, 6470, 6460, 5949, 6231, 7405]
max rate: 7405, optimal_block_size: 2097152

OPTIMAL BLOCK SIZE: 262144