Block size:
[128, 256, 512, 1024, 2048, 4096, 8192, 16384, 32768, 65536, 131072, 262144, 524288, 1048576, 2097152]
Data rate:
[280868, 296766, 314572, 291271, 293993, 317750, 327680, 302473, 317750, 338250, 331129, 338250, 320992, 349525, 338250]
max rate: 349525, optimal_block_size: 1048576

Block size:
[128, 256, 512, 1024, 2048, 4096, 8192, 16384, 32768, 65536, 131072, 262144, 524288, 1048576, 2097152]
Data rate:
[273541, 288598, 291271, 305410, 311458, 311458, 338250, 345684, 338250, 327680, 341926, 302473, 338250, 324301, 338250]
max rate: 345684, optimal_block_size: 16384

Block size:
[128, 256, 512, 1024, 2048, 4096, 8192, 16384, 32768, 65536, 131072, 262144, 524288, 1048576, 2097152]
Data rate:
[271183, 293993, 314572, 314572, 320992, 331129, 331129, 341926, 334651, 327680, 341926, 341926, 341926, 345684, 338250]
max rate: 345684, optimal_block_size: 1048576

Block size:
[128, 256, 512, 1024, 2048, 4096, 8192, 16384, 32768, 65536, 131072, 262144, 524288, 1048576, 2097152]
Data rate:
[273541, 283398, 311458, 299593, 302473, 327680, 338250, 327680, 345684, 317750, 334651, 324301, 341926, 324301, 345684]
max rate: 345684, optimal_block_size: 32768

Block size:
[128, 256, 512, 1024, 2048, 4096, 8192, 16384, 32768, 65536, 131072, 262144, 524288, 1048576, 2097152]
Data rate:
[268865, 299593, 296766, 317750, 320992, 317750, 341926, 320992, 338250, 314572, 320992, 327680, 341926, 353452, 345684]
max rate: 353452, optimal_block_size: 1048576

Block size:
[128, 256, 512, 1024, 2048, 4096, 8192, 16384, 32768, 65536, 131072, 262144, 524288, 1048576, 2097152]
Data rate:
[271183, 293993, 314572, 311458, 320992, 317750, 345684, 349525, 349525, 324301, 331129, 320992, 334651, 338250, 341926]
max rate: 349525, optimal_block_size: 16384

Block size:
[128, 256, 512, 1024, 2048, 4096, 8192, 16384, 32768, 65536, 131072, 262144, 524288, 1048576, 2097152]
Data rate:
[266587, 296766, 308404, 311458, 320992, 331129, 317750, 345684, 324301, 334651, 338250, 334651, 334651, 338250, 341926]
max rate: 345684, optimal_block_size: 16384

Block size:
[128, 256, 512, 1024, 2048, 4096, 8192, 16384, 32768, 65536, 131072, 262144, 524288, 1048576, 2097152]
Data rate:
[271183, 291271, 311458, 314572, 314572, 331129, 327680, 349525, 334651, 338250, 338250, 331129, 334651, 338250, 353452]
max rate: 353452, optimal_block_size: 2097152

Block size:
[128, 256, 512, 1024, 2048, 4096, 8192, 16384, 32768, 65536, 131072, 262144, 524288, 1048576, 2097152]
Data rate:
[268865, 299593, 314572, 314572, 311458, 334651, 331129, 341926, 341926, 331129, 334651, 314572, 314572, 349525, 353452]
max rate: 353452, optimal_block_size: 2097152

Block size:
[128, 256, 512, 1024, 2048, 4096, 8192, 16384, 32768, 65536, 131072, 262144, 524288, 1048576, 2097152]
Data rate:
[271183, 293993, 314572, 314572, 320992, 334651, 327680, 338250, 357469, 314572, 334651, 320992, 334651, 349525, 338250]
max rate: 357469, optimal_block_size: 32768

OPTIMAL BLOCK SIZE: 16384