Block size:
[128, 256, 512, 1024, 2048, 4096, 8192, 16384, 32768, 65536, 131072, 262144, 524288, 1048576, 2097152]
Data rate:
[278383, 302473, 331129, 311458, 314572, 308404, 338250, 349525, 320992, 331129, 308404, 334651, 338250, 327680, 341926]
max rate: 349525, optimal_block_size: 16384

Block size:
[128, 256, 512, 1024, 2048, 4096, 8192, 16384, 32768, 65536, 131072, 262144, 524288, 1048576, 2097152]
Data rate:
[273541, 320992, 327680, 320992, 308404, 299593, 285975, 291271, 293993, 299593, 305410, 311458, 311458, 320992, 296766]
max rate: 327680, optimal_block_size: 512

Block size:
[128, 256, 512, 1024, 2048, 4096, 8192, 16384, 32768, 65536, 131072, 262144, 524288, 1048576, 2097152]
Data rate:
[253687, 283398, 305410, 314572, 320992, 327680, 338250, 327680, 338250, 305410, 331129, 288598, 266587, 240131, 249660]
max rate: 338250, optimal_block_size: 8192

Block size:
[128, 256, 512, 1024, 2048, 4096, 8192, 16384, 32768, 65536, 131072, 262144, 524288, 1048576, 2097152]
Data rate:
[257846, 308404, 314572, 305410, 302473, 296766, 302473, 305410, 299593, 296766, 296766, 317750, 324301, 320992, 305410]
max rate: 324301, optimal_block_size: 524288

Block size:
[128, 256, 512, 1024, 2048, 4096, 8192, 16384, 32768, 65536, 131072, 262144, 524288, 1048576, 2097152]
Data rate:
[251658, 285975, 314572, 327680, 302473, 296766, 285975, 302473, 291271, 299593, 299593, 311458, 317750, 302473, 288598]
max rate: 327680, optimal_block_size: 1024

Block size:
[128, 256, 512, 1024, 2048, 4096, 8192, 16384, 32768, 65536, 131072, 262144, 524288, 1048576, 2097152]
Data rate:
[255750, 299593, 334651, 308404, 341926, 314572, 324301, 324301, 324301, 324301, 331129, 349525, 349525, 349525, 341926]
max rate: 349525, optimal_block_size: 262144

Block size:
[128, 256, 512, 1024, 2048, 4096, 8192, 16384, 32768, 65536, 131072, 262144, 524288, 1048576, 2097152]
Data rate:
[283398, 324301, 327680, 311458, 334651, 314572, 338250, 296766, 327680, 320992, 345684, 317750, 317750, 327680, 341926]
max rate: 345684, optimal_block_size: 131072

Block size:
[128, 256, 512, 1024, 2048, 4096, 8192, 16384, 32768, 65536, 131072, 262144, 524288, 1048576, 2097152]
Data rate:
[255750, 268865, 324301, 324301, 341926, 314572, 341926, 341926, 308404, 314572, 341926, 341926, 338250, 302473, 320992]
max rate: 341926, optimal_block_size: 2048

Block size:
[128, 256, 512, 1024, 2048, 4096, 8192, 16384, 32768, 65536, 131072, 262144, 524288, 1048576, 2097152]
Data rate:
[240131, 293993, 324301, 311458, 324301, 331129, 317750, 338250, 327680, 311458, 317750, 341926, 327680, 353452, 345684]
max rate: 353452, optimal_block_size: 1048576

Block size:
[128, 256, 512, 1024, 2048, 4096, 8192, 16384, 32768, 65536, 131072, 262144, 524288, 1048576, 2097152]
Data rate:
[273541, 341926, 331129, 324301, 324301, 331129, 320992, 308404, 305410, 317750, 345684, 334651, 317750, 324301, 327680]
max rate: 345684, optimal_block_size: 131072

OPTIMAL BLOCK SIZE: 131072